;;
;; DO NOT EDIT THIS FILE
;;
;; this file is automatically generated from /home/shumpeiwakabayashi/new_ws/src/robot_assembler/outputs/tmp2_robot.l on (Linux shumpeiwakabayashi-ThinkPad-T495s 5.3.0-53-generic x86_64) at 2020-05-27 13:31:20 JST
;;
;; /home/shumpeiwakabayashi/new_ws/src/robot_assembler $ ;;

;;
;; copy euscollada-robot class definition from euscollada/src/euscollada-robot.l
;;
(defclass euscollada-robot
;; This euscollada-robot class is for robots converted from collada files.
;; This class provides :init-ending override.
  :super robot-model
  :slots ()
  )
(defmethod euscollada-robot
  (:init-ending
   (&optional (type :urdf))
   (when (eq type :collada)
     ;; fix all links' mass properties ;; root link relative (collada) -> link local (euslisp)
     (dolist (l (append links
                        (mapcan #'(lambda (x) (if (and (derivedp (cdr x) bodyset-link)
                                                       (not (memq (cdr x) links)))
                                                  (list (cdr x)))) (send self :slots))))
       (unless (= (send l :weight) 0.0)
       (setq (l . acentroid) (send l :inverse-transform-vector
                                   (send (send (car links) :worldcoords) :transform-vector
                                         (l . acentroid))))
       (setq (l . inertia-tensor) (m* (transpose (send l :worldrot))
                                      (m* (send (car links) :worldrot)
                                          (l . inertia-tensor))))
       )))
   (send-super :init-ending)
   (send self :make-collision-model-for-links)
   ;;
   (dolist (j (mapcan #'(lambda (x) (if (and (derivedp (cdr x) joint)
                                             (not (memq (cdr x) (send self :joint-list))))
                                        (list (cdr x)))) (send self :slots)))
     (send (send j :child-link) :add-joint j)
     (send (send j :child-link) :add-parent-link (send j :parent-link))
     (send (send j :parent-link) :add-child-links (send j :child-link)))
   )
  (:change-visual
   (&optional (visual :convex))
   (dolist (lk (send self :links))
     (dolist (bd (send lk :bodies))
       (when (derivedp bd collada-body)
         (send bd :change-visual visual)))))
  ;; fullbody-inverse-kinematics overwrite
  ;;  reduce root-link's weight based on leg's joint limit
  ;;  increase stop and cog-gain
  (:fullbody-inverse-kinematics
   (target-coords &rest args &key (stop 250) (cog-gain 2.0) (additional-weight-list) (use-6dof-joint-leg-gain nil) &allow-other-keys)
   (let* ((leg-ul (send self :calc-union-link-list (send self :legs :links))))
     (send self :reset-joint-angle-limit-weight-old leg-ul)
     (send-message* self robot-model :fullbody-inverse-kinematics
                    target-coords
                    :stop stop :cog-gain cog-gain
                    :additional-weight-list
                    (append
                     additional-weight-list
                     (if use-6dof-joint-leg-gain
                         (list
                          (list (car (send self :links))
                                #'(lambda ()
                                    ;; set root-link 6dof-joint's weight based on legs' joint limit
                                    (let* ((min-weight
                                            (reduce #'(lambda (x y) (min x y))
                                                    (coerce (send self :calc-inverse-kinematics-weight-from-link-list
                                                                  leg-ul :union-link-list leg-ul) cons))))
                                      (fill (instantiate float-vector 6) min-weight)))
                                )
                          )))
                    args)
     ))
  ;; make collision model from faces or gl-vertices
  (:make-collision-model-for-links
   (&key (fat 0) (collision-func 'pqp-collision-check) ((:links ls) (send self :links)))
   (dolist (ll ls)
     (let (fs glv usefs)
       (dolist (bd (send ll :bodies))
         (if (derivedp bd collada-body)
             (push (send bd :glvertices) glv)
           (push (send bd :faces) fs)))
       (setq fs (flatten fs))
       (cond
        ((and (not fs) glv) ;; if there is no faces, use glvertices for creating pqpmodel
         (setq usefs (instance gl::glvertices :init nil))
         (send usefs :transform (send ll :worldcoords))
         (send usefs :append-glvertices glv)
         (let ((m (send usefs (read-from-string
                               (format nil ":make-~Amodel"
                                       (string-right-trim "-COLLISION-CHECK" (string collision-func))))
                        :fat fat)))
           (setf (get ll :pqpmodel) m)
           ))
        (fs
         (setq usefs
               (append fs
                       (mapcar #'(lambda (gv) (send gv :convert-to-faces :wrt :world)) glv)))
         (send ll
               (read-from-string
                (format nil ":make-~Amodel"
                        (string-right-trim "-COLLISION-CHECK" (string collision-func))))
               :fat fat
               :faces usefs))
        ))
     ))
  )

;; copy euscollada-body class definition from euscollada/src/euscollada-robot.l
;; This euscollada-body class is for bodies in robot model converted from collada files.
(defclass collada-body
  :super gl::glbody
  :slots (glvertices) ;; glvertices slot for backward compatibility
  )
(defmethod collada-body
  (:init (&key (name) (replace-obj))
    (if replace-obj
        (replace-object self replace-obj)
      (replace-object self (make-cube 10 10 10)))
    (if name (send self :name name))
    (setq glvertices gl::aglvertices)
    self)
  (:change-visual
   (&optional (visual :convex))
   (case visual
     ((list :convex :hull :convex-hull)
      (unless (send self :get :original-mesh)
        (send self :put :original-mesh gl::aglvertices)) ;; store original mesh
      (let* ((org-mesh (send self :get :original-mesh))
             (org-cds (send org-mesh :copy-worldcoords))
             (glv (gl::make-glvertices-from-faces (send self :faces))))
        (send glv :set-offset (send org-cds :inverse-transformation))
        (send glv :transform org-cds)
        (send org-mesh :assoc glv)
        (setq gl::aglvertices glv)
        glv))
     ((list :original :mesh :glvertices :original-mesh)
      (let ((org-mesh (send self :get :original-mesh)))
        (when org-mesh
          (dolist (d (send org-mesh :descendants)) ;; dissoc all discendants
            (send org-mesh :dissoc d))
          (setq gl::aglvertices org-mesh)
          org-mesh)))
     ))
  )
;;
;; end of copy from /opt/ros/melodic/share/euscollada/src/euscollada-robot.l
;;
(defun tmp2_robot () (setq *tmp2_robot* (instance tmp2_robot-robot :init)))

(defclass tmp2_robot-robot
  :super euscollada-robot
  :slots ( ;; link names
          BASE_lk LINK0_lk LINK1_lk LINK10_lk LINK11_lk LINK12_lk LINK13_lk LINK14_lk LINK15_lk LINK16_lk LINK17_lk LINK18_lk LINK19_lk LINK2_lk LINK20_lk LINK21_lk LINK22_lk LINK23_lk LINK24_lk LINK25_lk LINK26_lk LINK27_lk LINK28_lk LINK29_lk LINK3_lk LINK4_lk LINK5_lk LINK6_lk LINK7_lk LINK8_lk LINK9_lk
         ;; joint names
          JOINT0_jt JOINT1_jt JOINT10_jt JOINT11_jt JOINT12_jt JOINT13_jt JOINT14_jt JOINT15_jt JOINT16_jt JOINT17_jt JOINT18_jt JOINT19_jt JOINT2_jt JOINT20_jt JOINT21_jt JOINT22_jt JOINT23_jt JOINT24_jt JOINT25_jt JOINT26_jt JOINT27_jt JOINT28_jt JOINT29_jt JOINT3_jt JOINT4_jt JOINT5_jt JOINT6_jt JOINT7_jt JOINT8_jt JOINT9_jt
         ;; sensor names
          imu_sensor-sensor-coords head_cam-sensor-coords rhsensor-sensor-coords lhsensor-sensor-coords
         )
  )
(defmethod tmp2_robot-robot
  (:init
   (&rest args)
   (let ()
     (send-super* :init :name "tmp2_robot" args)

     ;; link: BASE_lk
     (let ((geom-lst (list
                       (send self :_make_instance_BASE_geom0)
                       (send self :_make_instance_BASE_geom1)
                       (send self :_make_instance_BASE_geom2)
                       (send self :_make_instance_BASE_geom3)
                       (send self :_make_instance_BASE_geom4)
                       (send self :_make_instance_BASE_geom5)
                       (send self :_make_instance_BASE_geom6)
                       (send self :_make_instance_BASE_geom7)
                       (send self :_make_instance_BASE_geom8))))
       (dolist (g (cdr geom-lst)) (send (car geom-lst) :assoc g))
       (setq BASE_lk
             (instance bodyset-link
                       :init (make-cascoords)
                       :bodies geom-lst
                       :name "BASE"))
       ;; inertial parameter for BASE_lk
       (let ((tmp-cds (make-coords :pos (float-vector -1.6199999999999999e+00 1.7630579999999999e-14 2.0468000000000000e+01))
                      ))
         (send BASE_lk :weight 748.000)
         (setq (BASE_lk . inertia-tensor)
               (m* (m* (send tmp-cds :worldrot) (matrix
                                                  (float-vector 1.7570000000000002e+06 -2.3828759999999997e-10 5.4757889999999999e+04)
                                                  (float-vector -2.3828759999999997e-10 1.1480000000000000e+06 -1.4551919999999998e-10)
                                                  (float-vector 5.4757889999999999e+04 -1.4551919999999998e-10 8.7600000000000000e+05))
                 ) (transpose (send tmp-cds :worldrot))))
         (setq (BASE_lk . acentroid) (copy-seq (send tmp-cds :worldpos)))
         )
       ;; global coordinates for BASE_lk
       (let ((world-cds (make-coords :pos (float-vector 0.0000000000000000e+00 0.0000000000000000e+00 0.0000000000000000e+00))
                        ))
         (send BASE_lk :transform world-cds))
       )

     ;; link: LINK0_lk
     (let ((geom-lst (list
                       (send self :_make_instance_LINK0_geom0))))
       (dolist (g (cdr geom-lst)) (send (car geom-lst) :assoc g))
       (setq LINK0_lk
             (instance bodyset-link
                       :init (make-cascoords)
                       :bodies geom-lst
                       :name "LINK0"))
       ;; inertial parameter for LINK0_lk
       (let ((tmp-cds (make-coords :pos (float-vector 1.0000000000000000e+01 -4.8069999999999995e+00 1.4800000000000001e+01))
                      ))
         (send LINK0_lk :weight 16.000)
         (setq (LINK0_lk . inertia-tensor)
               (m* (m* (send tmp-cds :worldrot) (matrix
                                                  (float-vector 3.0318310000000001e+03 1.6513279999999997e-13 1.4800929999999999e-12)
                                                  (float-vector 1.6513279999999997e-13 3.4095470000000000e+03 3.8602679999999999e-13)
                                                  (float-vector 1.4800929999999999e-12 3.8602679999999999e-13 4.1049510000000000e+03))
                 ) (transpose (send tmp-cds :worldrot))))
         (setq (LINK0_lk . acentroid) (copy-seq (send tmp-cds :worldpos)))
         )
       ;; global coordinates for LINK0_lk
       (let ((world-cds (make-coords :pos (float-vector 1.2000000000000000e+01 -4.9000000000000000e+01 2.5000000000000000e+01)
                                   :rot (quaternion2matrix (float-vector 5.0000000056554894e-01 4.9999999830127584e-01 5.0000000283189938e-01 -4.9999999830127584e-01)))
                        ))
         (send LINK0_lk :transform world-cds))
       )

     ;; link: LINK1_lk
     (let ((geom-lst (list
                       (send self :_make_instance_LINK1_geom0)
                       (send self :_make_instance_LINK1_geom1)
                       (send self :_make_instance_LINK1_geom2))))
       (dolist (g (cdr geom-lst)) (send (car geom-lst) :assoc g))
       (setq LINK1_lk
             (instance bodyset-link
                       :init (make-cascoords)
                       :bodies geom-lst
                       :name "LINK1"))
       ;; inertial parameter for LINK1_lk
       (let ((tmp-cds (make-coords :pos (float-vector 7.0799999999999996e-01 -1.2283000000000001e+01 1.2880000000000000e+00))
                      ))
         (send LINK1_lk :weight 212.000)
         (setq (LINK1_lk . inertia-tensor)
               (m* (m* (send tmp-cds :worldrot) (matrix
                                                  (float-vector 1.3200000000000000e+05 -4.2452830000000006e+01 -2.8967689999999998e+03)
                                                  (float-vector -4.2452830000000006e+01 1.1600000000000000e+05 -2.6179249999999996e+02)
                                                  (float-vector -2.8967689999999998e+03 -2.6179249999999996e+02 5.9428720000000001e+04))
                 ) (transpose (send tmp-cds :worldrot))))
         (setq (LINK1_lk . acentroid) (copy-seq (send tmp-cds :worldpos)))
         )
       ;; global coordinates for LINK1_lk
       (let ((world-cds (make-coords :pos (float-vector 3.2500000170991058e+01 -7.7499999838041120e+01 1.4999999888948832e+01)
                                   :rot (quaternion2matrix (float-vector 6.8301270419702398e-01 1.8301270485946408e-01 -6.8301269836707657e-01 -1.8301270347933846e-01)))
                        ))
         (send LINK1_lk :transform world-cds))
       )

     ;; link: LINK2_lk
     (let ((geom-lst (list
                       (send self :_make_instance_LINK2_geom0)
                       (send self :_make_instance_LINK2_geom1))))
       (dolist (g (cdr geom-lst)) (send (car geom-lst) :assoc g))
       (setq LINK2_lk
             (instance bodyset-link
                       :init (make-cascoords)
                       :bodies geom-lst
                       :name "LINK2"))
       ;; inertial parameter for LINK2_lk
       (let ((tmp-cds (make-coords :pos (float-vector 7.3591929999999998e-14 -4.5206999999999994e+01 -1.9000000000000000e+01))
                      ))
         (send LINK2_lk :weight 35.000)
         (setq (LINK2_lk . inertia-tensor)
               (m* (m* (send tmp-cds :worldrot) (matrix
                                                  (float-vector 2.3985200000000001e+04 2.3450209999999999e-11 3.1955539999999995e-12)
                                                  (float-vector 2.3450209999999999e-11 7.0291670000000004e+03 -2.6517190000000002e-12)
                                                  (float-vector 3.1955539999999995e-12 -2.6517190000000002e-12 2.6761870000000003e+04))
                 ) (transpose (send tmp-cds :worldrot))))
         (setq (LINK2_lk . acentroid) (copy-seq (send tmp-cds :worldpos)))
         )
       ;; global coordinates for LINK2_lk
       (let ((world-cds (make-coords :pos (float-vector 1.1900000331902385e+01 -8.7000000030555881e+01 3.1454482651155796e+01)
                                   :rot (quaternion2matrix (float-vector 9.6592582542615901e-01 2.5881904832294234e-01 2.7792556070880321e-09 1.8500513898622728e-09)))
                        ))
         (send LINK2_lk :transform world-cds))
       )

     ;; link: LINK3_lk
     (let ((geom-lst (list
                       (send self :_make_instance_LINK3_geom0)
                       (send self :_make_instance_LINK3_geom1)
                       (send self :_make_instance_LINK3_geom2))))
       (dolist (g (cdr geom-lst)) (send (car geom-lst) :assoc g))
       (setq LINK3_lk
             (instance bodyset-link
                       :init (make-cascoords)
                       :bodies geom-lst
                       :name "LINK3"))
       ;; inertial parameter for LINK3_lk
       (let ((tmp-cds (make-coords :pos (float-vector -7.1605080000000012e-15 -1.9474999999999998e+01 -1.7837000000000000e+01))
                      ))
         (send LINK3_lk :weight 129.000)
         (setq (LINK3_lk . inertia-tensor)
               (m* (m* (send tmp-cds :worldrot) (matrix
                                                  (float-vector 6.3636709999999999e+04 -2.7330040000000001e-11 7.4088550000000001e-13)
                                                  (float-vector -2.7330040000000001e-11 2.6351989999999998e+04 -1.1212210000000000e+03)
                                                  (float-vector 7.4088550000000001e-13 -1.1212210000000000e+03 5.6854049999999996e+04))
                 ) (transpose (send tmp-cds :worldrot))))
         (setq (LINK3_lk . acentroid) (copy-seq (send tmp-cds :worldpos)))
         )
       ;; global coordinates for LINK3_lk
       (let ((world-cds (make-coords :pos (float-vector 1.1900000509138614e+01 -1.5888010826794013e+02 -1.0045517828144467e+01)
                                   :rot (quaternion2matrix (float-vector 9.6592582542615901e-01 2.5881904832294234e-01 2.7792556070880321e-09 1.8500513898622728e-09)))
                        ))
         (send LINK3_lk :transform world-cds))
       )

     ;; link: LINK4_lk
     (let ((geom-lst (list
                       (send self :_make_instance_LINK4_geom0)
                       (send self :_make_instance_LINK4_geom1)
                       (send self :_make_instance_LINK4_geom2))))
       (dolist (g (cdr geom-lst)) (send (car geom-lst) :assoc g))
       (setq LINK4_lk
             (instance bodyset-link
                       :init (make-cascoords)
                       :bodies geom-lst
                       :name "LINK4"))
       ;; inertial parameter for LINK4_lk
       (let ((tmp-cds (make-coords :pos (float-vector 1.9311999999999998e+01 -1.5943000000000000e+01 -1.8291999999999998e+01))
                      ))
         (send LINK4_lk :weight 212.000)
         (setq (LINK4_lk . inertia-tensor)
               (m* (m* (send tmp-cds :worldrot) (matrix
                                                  (float-vector 6.2357019999999997e+04 1.5187639999999998e+04 2.8967689999999998e+03)
                                                  (float-vector 1.5187639999999998e+04 1.1600000000000000e+05 -5.9150939999999991e+02)
                                                  (float-vector 2.8967689999999998e+03 -5.9150939999999991e+02 1.3500000000000000e+05))
                 ) (transpose (send tmp-cds :worldrot))))
         (setq (LINK4_lk . acentroid) (copy-seq (send tmp-cds :worldpos)))
         )
       ;; global coordinates for LINK4_lk
       (let ((world-cds (make-coords :pos (float-vector 1.1900000655411887e+01 -2.1820284819879339e+02 -4.4295518223711547e+01)
                                   :rot (quaternion2matrix (float-vector 9.6592582542615901e-01 2.5881904832294234e-01 2.7792556070880321e-09 1.8500513898622728e-09)))
                        ))
         (send LINK4_lk :transform world-cds))
       )

     ;; link: LINK5_lk
     (let ((geom-lst (list
                       (send self :_make_instance_LINK5_geom0)
                       (send self :_make_instance_LINK5_geom1)
                       (send self :_make_instance_LINK5_geom2))))
       (dolist (g (cdr geom-lst)) (send (car geom-lst) :assoc g))
       (setq LINK5_lk
             (instance bodyset-link
                       :init (make-cascoords)
                       :bodies geom-lst
                       :name "LINK5"))
       ;; inertial parameter for LINK5_lk
       (let ((tmp-cds (make-coords :pos (float-vector -5.7896069999999999e-14 4.5680000000000000e+01 3.1167000000000002e+01))
                      ))
         (send LINK5_lk :weight 135.000)
         (setq (LINK5_lk . inertia-tensor)
               (m* (m* (send tmp-cds :worldrot) (matrix
                                                  (float-vector 6.1465520000000004e+04 1.0482180000000001e-10 3.4499370000000002e-11)
                                                  (float-vector 1.0482180000000001e-10 3.4977500000000000e+04 -5.8013330000000005e+03)
                                                  (float-vector 3.4499370000000002e-11 -5.8013330000000005e+03 4.7535519999999997e+04))
                 ) (transpose (send tmp-cds :worldrot))))
         (setq (LINK5_lk . acentroid) (copy-seq (send tmp-cds :worldpos)))
         )
       ;; global coordinates for LINK5_lk
       (let ((world-cds (make-coords :pos (float-vector 3.2500000603535362e+01 -2.3641566080022622e+02 -7.6750001107935788e+01)
                                   :rot (quaternion2matrix (float-vector 1.8301270308906972e-01 -6.8301269952490584e-01 -1.8301270311899370e-01 6.8301270361012467e-01)))
                        ))
         (send LINK5_lk :transform world-cds))
       )

     ;; link: LINK6_lk
     (let ((geom-lst (list
                       (send self :_make_instance_LINK6_geom0)
                       (send self :_make_instance_LINK6_geom1)
                       (send self :_make_instance_LINK6_geom2))))
       (dolist (g (cdr geom-lst)) (send (car geom-lst) :assoc g))
       (setq LINK6_lk
             (instance bodyset-link
                       :init (make-cascoords)
                       :bodies geom-lst
                       :name "LINK6"))
       ;; inertial parameter for LINK6_lk
       (let ((tmp-cds (make-coords :pos (float-vector 2.3546999999999997e+01 -6.8900000000000006e-01 2.1323999999999998e+01))
                      ))
         (send LINK6_lk :weight 148.000)
         (setq (LINK6_lk . inertia-tensor)
               (m* (m* (send tmp-cds :worldrot) (matrix
                                                  (float-vector 7.4379089999999997e+04 -2.3778240000000005e+03 -1.6770730000000000e+04)
                                                  (float-vector -2.3778240000000005e+03 8.8869580000000002e+04 6.0141890000000001e+02)
                                                  (float-vector -1.6770730000000000e+04 6.0141890000000001e+02 5.7080550000000003e+04))
                 ) (transpose (send tmp-cds :worldrot))))
         (setq (LINK6_lk . acentroid) (copy-seq (send tmp-cds :worldpos)))
         )
       ;; global coordinates for LINK6_lk
       (let ((world-cds (make-coords :pos (float-vector -1.1999999497910224e+01 -2.9682093265879882e+02 -1.1162500107443444e+02)
                                   :rot (quaternion2matrix (float-vector 3.5355339105834249e-01 6.1237243770999339e-01 -6.1237243366697280e-01 3.5355339015353293e-01)))
                        ))
         (send LINK6_lk :transform world-cds))
       )

     ;; link: LINK7_lk
     (let ((geom-lst (list
                       (send self :_make_instance_LINK7_geom0))))
       (dolist (g (cdr geom-lst)) (send (car geom-lst) :assoc g))
       (setq LINK7_lk
             (instance bodyset-link
                       :init (make-cascoords)
                       :bodies geom-lst
                       :name "LINK7"))
       ;; inertial parameter for LINK7_lk
       (let ((tmp-cds (make-coords :pos (float-vector -2.3397000000000002e+01 1.8541999999999998e+01 -1.9000000000000000e+01))
                      ))
         (send LINK7_lk :weight 35.000)
         (setq (LINK7_lk . inertia-tensor)
               (m* (m* (send tmp-cds :worldrot) (matrix
                                                  (float-vector 1.6434930000000000e+04 8.1395000000000018e+03 -1.2490290000000001e-13)
                                                  (float-vector 8.1395000000000018e+03 2.5833620000000003e+04 -1.3739039999999999e-12)
                                                  (float-vector -1.2490290000000001e-13 -1.3739039999999999e-12 2.5258559999999998e+04))
                 ) (transpose (send tmp-cds :worldrot))))
         (setq (LINK7_lk . acentroid) (copy-seq (send tmp-cds :worldpos)))
         )
       ;; global coordinates for LINK7_lk
       (let ((world-cds (make-coords :pos (float-vector -3.0999999428231220e+01 -3.1316179474466077e+02 -1.1182179776810990e+02)
                                   :rot (quaternion2matrix (float-vector -6.1237243557063037e-01 3.5355338768642508e-01 6.1237243643490835e-01 -3.5355339243673101e-01)))
                        ))
         (send LINK7_lk :transform world-cds))
       )

     ;; link: LINK8_lk
     (let ((geom-lst (list
                       (send self :_make_instance_LINK8_geom0))))
       (dolist (g (cdr geom-lst)) (send (car geom-lst) :assoc g))
       (setq LINK8_lk
             (instance bodyset-link
                       :init (make-cascoords)
                       :bodies geom-lst
                       :name "LINK8"))
       ;; inertial parameter for LINK8_lk
       (let ((tmp-cds (make-coords :pos (float-vector -1.0000000000000000e+01 4.8069999999999995e+00 1.4800000000000001e+01))
                      ))
         (send LINK8_lk :weight 16.000)
         (setq (LINK8_lk . inertia-tensor)
               (m* (m* (send tmp-cds :worldrot) (matrix
                                                  (float-vector 3.0318310000000001e+03 1.0378360000000000e-13 -1.4742850000000001e-12)
                                                  (float-vector 1.0378360000000000e-13 3.4095470000000000e+03 -1.5441070000000000e-13)
                                                  (float-vector -1.4742850000000001e-12 -1.5441070000000000e-13 4.1049510000000000e+03))
                 ) (transpose (send tmp-cds :worldrot))))
         (setq (LINK8_lk . acentroid) (copy-seq (send tmp-cds :worldpos)))
         )
       ;; global coordinates for LINK8_lk
       (let ((world-cds (make-coords :pos (float-vector 1.2000000000000000e+01 4.9000000000000000e+01 2.5000000000000000e+01)
                                   :rot (quaternion2matrix (float-vector 5.0000000056554894e-01 -4.9999999830127584e-01 -5.0000000283189938e-01 -4.9999999830127584e-01)))
                        ))
         (send LINK8_lk :transform world-cds))
       )

     ;; link: LINK9_lk
     (let ((geom-lst (list
                       (send self :_make_instance_LINK9_geom0)
                       (send self :_make_instance_LINK9_geom1)
                       (send self :_make_instance_LINK9_geom2))))
       (dolist (g (cdr geom-lst)) (send (car geom-lst) :assoc g))
       (setq LINK9_lk
             (instance bodyset-link
                       :init (make-cascoords)
                       :bodies geom-lst
                       :name "LINK9"))
       ;; inertial parameter for LINK9_lk
       (let ((tmp-cds (make-coords :pos (float-vector -7.0799999999999996e-01 -1.2283000000000001e+01 1.2880000000000000e+00))
                      ))
         (send LINK9_lk :weight 212.000)
         (setq (LINK9_lk . inertia-tensor)
               (m* (m* (send tmp-cds :worldrot) (matrix
                                                  (float-vector 1.3200000000000000e+05 4.2452830000000006e+01 2.8967689999999998e+03)
                                                  (float-vector 4.2452830000000006e+01 1.1600000000000000e+05 -2.6179249999999996e+02)
                                                  (float-vector 2.8967689999999998e+03 -2.6179249999999996e+02 5.9428720000000001e+04))
                 ) (transpose (send tmp-cds :worldrot))))
         (setq (LINK9_lk . acentroid) (copy-seq (send tmp-cds :worldpos)))
         )
       ;; global coordinates for LINK9_lk
       (let ((world-cds (make-coords :pos (float-vector 3.0999999829008953e+01 7.7500000106439543e+01 1.4999999978469670e+01)
                                   :rot (quaternion2matrix (float-vector 1.8301270770556827e-01 6.8301270115857515e-01 -1.8301270063323433e-01 -6.8301270140552550e-01)))
                        ))
         (send LINK9_lk :transform world-cds))
       )

     ;; link: LINK10_lk
     (let ((geom-lst (list
                       (send self :_make_instance_LINK10_geom0)
                       (send self :_make_instance_LINK10_geom1))))
       (dolist (g (cdr geom-lst)) (send (car geom-lst) :assoc g))
       (setq LINK10_lk
             (instance bodyset-link
                       :init (make-cascoords)
                       :bodies geom-lst
                       :name "LINK10"))
       ;; inertial parameter for LINK10_lk
       (let ((tmp-cds (make-coords :pos (float-vector 7.7905939999999992e-14 -4.5206999999999994e+01 -1.9000000000000000e+01))
                      ))
         (send LINK10_lk :weight 35.000)
         (setq (LINK10_lk . inertia-tensor)
               (m* (m* (send tmp-cds :worldrot) (matrix
                                                  (float-vector 2.3985200000000001e+04 2.4098840000000002e-11 3.1955539999999995e-12)
                                                  (float-vector 2.4098840000000002e-11 7.0291670000000004e+03 5.1072450000000000e-12)
                                                  (float-vector 3.1955539999999995e-12 5.1072450000000000e-12 2.6761870000000003e+04))
                 ) (transpose (send tmp-cds :worldrot))))
         (setq (LINK10_lk . acentroid) (copy-seq (send tmp-cds :worldpos)))
         )
       ;; global coordinates for LINK10_lk
       (let ((world-cds (make-coords :pos (float-vector 1.0399999786233998e+01 8.7000000019004574e+01 3.1454482647302996e+01)
                                   :rot (quaternion2matrix (float-vector 3.7831153636194364e-09 -1.2163419715882640e-09 -2.5881904832294239e-01 -9.6592582542615912e-01)))
                        ))
         (send LINK10_lk :transform world-cds))
       )

     ;; link: LINK11_lk
     (let ((geom-lst (list
                       (send self :_make_instance_LINK11_geom0)
                       (send self :_make_instance_LINK11_geom1)
                       (send self :_make_instance_LINK11_geom2))))
       (dolist (g (cdr geom-lst)) (send (car geom-lst) :assoc g))
       (setq LINK11_lk
             (instance bodyset-link
                       :init (make-cascoords)
                       :bodies geom-lst
                       :name "LINK11"))
       ;; inertial parameter for LINK11_lk
       (let ((tmp-cds (make-coords :pos (float-vector -2.2032330000000000e-15 -1.9474999999999998e+01 -1.7837000000000000e+01))
                      ))
         (send LINK11_lk :weight 129.000)
         (setq (LINK11_lk . inertia-tensor)
               (m* (m* (send tmp-cds :worldrot) (matrix
                                                  (float-vector 6.3636709999999999e+04 -2.2379820000000004e-11 6.3250660000000005e-13)
                                                  (float-vector -2.2379820000000004e-11 2.6351989999999998e+04 -1.1212210000000000e+03)
                                                  (float-vector 6.3250660000000005e-13 -1.1212210000000000e+03 5.6854049999999996e+04))
                 ) (transpose (send tmp-cds :worldrot))))
         (setq (LINK11_lk . acentroid) (copy-seq (send tmp-cds :worldpos)))
         )
       ;; global coordinates for LINK11_lk
       (let ((world-cds (make-coords :pos (float-vector 1.0399999127376462e+01 1.5888010825638881e+02 -1.0045517831997266e+01)
                                   :rot (quaternion2matrix (float-vector 3.7831153636194364e-09 -1.2163419715882640e-09 -2.5881904832294239e-01 -9.6592582542615912e-01)))
                        ))
         (send LINK11_lk :transform world-cds))
       )

     ;; link: LINK12_lk
     (let ((geom-lst (list
                       (send self :_make_instance_LINK12_geom0)
                       (send self :_make_instance_LINK12_geom1)
                       (send self :_make_instance_LINK12_geom2))))
       (dolist (g (cdr geom-lst)) (send (car geom-lst) :assoc g))
       (setq LINK12_lk
             (instance bodyset-link
                       :init (make-cascoords)
                       :bodies geom-lst
                       :name "LINK12"))
       ;; inertial parameter for LINK12_lk
       (let ((tmp-cds (make-coords :pos (float-vector -1.9311999999999998e+01 -1.5943000000000000e+01 -1.8291999999999998e+01))
                      ))
         (send LINK12_lk :weight 212.000)
         (setq (LINK12_lk . inertia-tensor)
               (m* (m* (send tmp-cds :worldrot) (matrix
                                                  (float-vector 6.2357019999999997e+04 -1.5187639999999998e+04 -2.8967689999999998e+03)
                                                  (float-vector -1.5187639999999998e+04 1.1600000000000000e+05 -5.9150939999999991e+02)
                                                  (float-vector -2.8967689999999998e+03 -5.9150939999999991e+02 1.3500000000000000e+05))
                 ) (transpose (send tmp-cds :worldrot))))
         (setq (LINK12_lk . acentroid) (copy-seq (send tmp-cds :worldpos)))
         )
       ;; global coordinates for LINK12_lk
       (let ((world-cds (make-coords :pos (float-vector 1.0399998583620544e+01 2.1820284818724213e+02 -4.4295518227564358e+01)
                                   :rot (quaternion2matrix (float-vector 3.7831153636194364e-09 -1.2163419715882640e-09 -2.5881904832294239e-01 -9.6592582542615912e-01)))
                        ))
         (send LINK12_lk :transform world-cds))
       )

     ;; link: LINK13_lk
     (let ((geom-lst (list
                       (send self :_make_instance_LINK13_geom0)
                       (send self :_make_instance_LINK13_geom1)
                       (send self :_make_instance_LINK13_geom2))))
       (dolist (g (cdr geom-lst)) (send (car geom-lst) :assoc g))
       (setq LINK13_lk
             (instance bodyset-link
                       :init (make-cascoords)
                       :bodies geom-lst
                       :name "LINK13"))
       ;; inertial parameter for LINK13_lk
       (let ((tmp-cds (make-coords :pos (float-vector -1.1684479999999998e-13 4.5680000000000000e+01 3.1167000000000002e+01))
                      ))
         (send LINK13_lk :weight 135.000)
         (setq (LINK13_lk . inertia-tensor)
               (m* (m* (send tmp-cds :worldrot) (matrix
                                                  (float-vector 6.1465520000000004e+04 1.0219100000000001e-10 3.1247609999999999e-11)
                                                  (float-vector 1.0219100000000001e-10 3.4977500000000000e+04 -5.8013330000000005e+03)
                                                  (float-vector 3.1247609999999999e-11 -5.8013330000000005e+03 4.7535519999999997e+04))
                 ) (transpose (send tmp-cds :worldrot))))
         (setq (LINK13_lk . acentroid) (copy-seq (send tmp-cds :worldpos)))
         )
       ;; global coordinates for LINK13_lk
       (let ((world-cds (make-coords :pos (float-vector 3.0999998322164540e+01 2.3641566102951910e+02 -7.6750001109659038e+01)
                                   :rot (quaternion2matrix (float-vector 6.8301270209729714e-01 -1.8301270381737161e-01 -6.8301269995625624e-01 1.8301270642682091e-01)))
                        ))
         (send LINK13_lk :transform world-cds))
       )

     ;; link: LINK14_lk
     (let ((geom-lst (list
                       (send self :_make_instance_LINK14_geom0)
                       (send self :_make_instance_LINK14_geom1)
                       (send self :_make_instance_LINK14_geom2))))
       (dolist (g (cdr geom-lst)) (send (car geom-lst) :assoc g))
       (setq LINK14_lk
             (instance bodyset-link
                       :init (make-cascoords)
                       :bodies geom-lst
                       :name "LINK14"))
       ;; inertial parameter for LINK14_lk
       (let ((tmp-cds (make-coords :pos (float-vector -2.3546999999999997e+01 2.7160000000000002e+00 2.1323999999999998e+01))
                      ))
         (send LINK14_lk :weight 148.000)
         (setq (LINK14_lk . inertia-tensor)
               (m* (m* (send tmp-cds :worldrot) (matrix
                                                  (float-vector 7.3357460000000006e+04 -3.4420140000000001e+03 1.6770730000000000e+04)
                                                  (float-vector -3.4420140000000001e+03 8.8869580000000002e+04 1.5208779999999999e+03)
                                                  (float-vector 1.6770730000000000e+04 1.5208779999999999e+03 5.6058929999999993e+04))
                 ) (transpose (send tmp-cds :worldrot))))
         (setq (LINK14_lk . acentroid) (copy-seq (send tmp-cds :worldpos)))
         )
       ;; global coordinates for LINK14_lk
       (let ((world-cds (make-coords :pos (float-vector -1.3500001981125859e+01 2.9682093248989514e+02 -1.1162500150830321e+02)
                                   :rot (quaternion2matrix (float-vector -3.5355338590010688e-01 6.1237243760131355e-01 -6.1237243840327404e-01 -3.5355338729649383e-01)))
                        ))
         (send LINK14_lk :transform world-cds))
       )

     ;; link: LINK15_lk
     (let ((geom-lst (list
                       (send self :_make_instance_LINK15_geom0))))
       (dolist (g (cdr geom-lst)) (send (car geom-lst) :assoc g))
       (setq LINK15_lk
             (instance bodyset-link
                       :init (make-cascoords)
                       :bodies geom-lst
                       :name "LINK15"))
       ;; inertial parameter for LINK15_lk
       (let ((tmp-cds (make-coords :pos (float-vector 2.3397000000000002e+01 1.8541999999999998e+01 -1.9000000000000000e+01))
                      ))
         (send LINK15_lk :weight 35.000)
         (setq (LINK15_lk . inertia-tensor)
               (m* (m* (send tmp-cds :worldrot) (matrix
                                                  (float-vector 1.6434930000000000e+04 -8.1395000000000018e+03 -2.0222850000000002e-12)
                                                  (float-vector -8.1395000000000018e+03 2.5833620000000003e+04 -1.0445810000000002e-12)
                                                  (float-vector -2.0222850000000002e-12 -1.0445810000000002e-12 2.5258559999999998e+04))
                 ) (transpose (send tmp-cds :worldrot))))
         (setq (LINK15_lk . acentroid) (copy-seq (send tmp-cds :worldpos)))
         )
       ;; global coordinates for LINK15_lk
       (let ((world-cds (make-coords :pos (float-vector -3.2500001981658961e+01 3.1316179449115697e+02 -1.1182179844796708e+02)
                                   :rot (quaternion2matrix (float-vector 3.5355338658820656e-01 -6.1237243846666767e-01 -3.5355338522054375e-01 6.1237243833919586e-01)))
                        ))
         (send LINK15_lk :transform world-cds))
       )

     ;; link: LINK16_lk
     (let ((geom-lst (list
                       (send self :_make_instance_LINK16_geom0))))
       (dolist (g (cdr geom-lst)) (send (car geom-lst) :assoc g))
       (setq LINK16_lk
             (instance bodyset-link
                       :init (make-cascoords)
                       :bodies geom-lst
                       :name "LINK16"))
       ;; inertial parameter for LINK16_lk
       (let ((tmp-cds (make-coords :pos (float-vector -2.1316279999999999e-14 -1.7763569999999997e-15 1.4550000000000001e+01))
                      ))
         (send LINK16_lk :weight 15.000)
         (setq (LINK16_lk . inertia-tensor)
               (m* (m* (send tmp-cds :worldrot) (matrix
                                                  (float-vector 1.9697629999999997e+03 -7.4736400000000005e-13 -1.4734740000000001e-12)
                                                  (float-vector -7.4736400000000005e-13 3.1597629999999999e+03 4.9048430000000002e-14)
                                                  (float-vector -1.4734740000000001e-12 4.9048430000000002e-14 3.0125000000000000e+03))
                 ) (transpose (send tmp-cds :worldrot))))
         (setq (LINK16_lk . acentroid) (copy-seq (send tmp-cds :worldpos)))
         )
       ;; global coordinates for LINK16_lk
       (let ((world-cds (make-coords :pos (float-vector 1.2000000000000000e+01 -3.2000000000000000e+01 -4.0000000000000000e+01)
                                   :rot (quaternion2matrix (float-vector 1.2691834951946709e-09 7.0710678005337235e-01 7.0710678231972268e-01 1.2691834992625352e-09)))
                        ))
         (send LINK16_lk :transform world-cds))
       )

     ;; link: LINK17_lk
     (let ((geom-lst (list
                       (send self :_make_instance_LINK17_geom0)
                       (send self :_make_instance_LINK17_geom1)
                       (send self :_make_instance_LINK17_geom2)
                       (send self :_make_instance_LINK17_geom3)
